0 -> 0 = [0 0 0]
1 -> 2 = [0 0 2]
2 -> 4 = [0 0 4]
3 -> 6 = [0 0 6]
4 -> 8 = [0 0 8]
5 -> 10 = [0 0 10]
6 -> 12 = [0 0 12]
7 -> 14 = [0 0 14]
8 -> 16 = [0 0 16]
9 -> 18 = [0 1 0]
10 -> 20 = [0 1 2]
11 -> 22 = [0 1 4]
12 -> 24 = [0 1 6]
13 -> 26 = [0 1 8]
14 -> 28 = [0 1 10]
15 -> 30 = [0 1 12]
16 -> 32 = [0 1 14]
17 -> 34 = [0 1 16]
18 -> 0 = [1 0 0]
19 -> 2 = [1 0 2]
20 -> 4 = [1 0 4]
21 -> 6 = [1 0 6]
22 -> 8 = [1 0 8]
23 -> 10 = [1 0 10]
24 -> 12 = [1 0 12]
25 -> 14 = [1 0 14]
26 -> 16 = [1 0 16]
27 -> 18 = [1 1 0]
28 -> 20 = [1 1 2]
29 -> 22 = [1 1 4]
30 -> 24 = [1 1 6]
31 -> 26 = [1 1 8]
32 -> 28 = [1 1 10]
33 -> 30 = [1 1 12]
34 -> 32 = [1 1 14]
35 -> 34 = [1 1 16]
36 -> 0 = [2 0 0]
37 -> 2 = [2 0 2]
38 -> 4 = [2 0 4]
39 -> 6 = [2 0 6]
40 -> 8 = [2 0 8]
41 -> 10 = [2 0 10]
42 -> 12 = [2 0 12]
43 -> 14 = [2 0 14]
44 -> 16 = [2 0 16]
45 -> 18 = [2 1 0]
46 -> 20 = [2 1 2]
47 -> 22 = [2 1 4]
48 -> 24 = [2 1 6]
49 -> 26 = [2 1 8]
50 -> 28 = [2 1 10]
51 -> 30 = [2 1 12]
52 -> 32 = [2 1 14]
53 -> 34 = [2 1 16]
54 -> 0 = [3 0 0]
55 -> 2 = [3 0 2]
56 -> 4 = [3 0 4]
57 -> 6 = [3 0 6]
58 -> 8 = [3 0 8]
59 -> 10 = [3 0 10]
60 -> 12 = [3 0 12]
61 -> 14 = [3 0 14]
62 -> 16 = [3 0 16]
63 -> 18 = [3 1 0]
64 -> 20 = [3 1 2]
65 -> 22 = [3 1 4]
66 -> 24 = [3 1 6]
67 -> 26 = [3 1 8]
68 -> 28 = [3 1 10]
69 -> 30 = [3 1 12]
70 -> 32 = [3 1 14]
71 -> 34 = [3 1 16]
72 -> 0 = [4 0 0]
73 -> 2 = [4 0 2]
74 -> 4 = [4 0 4]
75 -> 6 = [4 0 6]
76 -> 8 = [4 0 8]
77 -> 10 = [4 0 10]
78 -> 12 = [4 0 12]
79 -> 14 = [4 0 14]
80 -> 16 = [4 0 16]
81 -> 18 = [4 1 0]
82 -> 20 = [4 1 2]
83 -> 22 = [4 1 4]
84 -> 24 = [4 1 6]
85 -> 26 = [4 1 8]
86 -> 28 = [4 1 10]
87 -> 30 = [4 1 12]
88 -> 32 = [4 1 14]
89 -> 34 = [4 1 16]
90 -> 0 = [5 0 0]
91 -> 2 = [5 0 2]
92 -> 4 = [5 0 4]
93 -> 6 = [5 0 6]
94 -> 8 = [5 0 8]
95 -> 10 = [5 0 10]
96 -> 12 = [5 0 12]
97 -> 14 = [5 0 14]
98 -> 16 = [5 0 16]
99 -> 18 = [5 1 0]
100 -> 20 = [5 1 2]
101 -> 22 = [5 1 4]
102 -> 24 = [5 1 6]
103 -> 26 = [5 1 8]
104 -> 28 = [5 1 10]
105 -> 30 = [5 1 12]
106 -> 32 = [5 1 14]
107 -> 34 = [5 1 16]
108 -> 0 = [6 0 0]
109 -> 2 = [6 0 2]
110 -> 4 = [6 0 4]
111 -> 6 = [6 0 6]
112 -> 8 = [6 0 8]
113 -> 10 = [6 0 10]
114 -> 12 = [6 0 12]
115 -> 14 = [6 0 14]
116 -> 16 = [6 0 16]
117 -> 18 = [6 1 0]
118 -> 20 = [6 1 2]
119 -> 22 = [6 1 4]
120 -> 24 = [6 1 6]
121 -> 26 = [6 1 8]
122 -> 28 = [6 1 10]
123 -> 30 = [6 1 12]
124 -> 32 = [6 1 14]
125 -> 34 = [6 1 16]
126 -> 0 = [7 0 0]
127 -> 2 = [7 0 2]
128 -> 4 = [7 0 4]
129 -> 6 = [7 0 6]
130 -> 8 = [7 0 8]
131 -> 10 = [7 0 10]
132 -> 12 = [7 0 12]
133 -> 14 = [7 0 14]
134 -> 16 = [7 0 16]
135 -> 18 = [7 1 0]
136 -> 20 = [7 1 2]
137 -> 22 = [7 1 4]
138 -> 24 = [7 1 6]
139 -> 26 = [7 1 8]
140 -> 28 = [7 1 10]
141 -> 30 = [7 1 12]
142 -> 32 = [7 1 14]
143 -> 34 = [7 1 16]
144 -> 0 = [8 0 0]
145 -> 2 = [8 0 2]
146 -> 4 = [8 0 4]
147 -> 6 = [8 0 6]
148 -> 8 = [8 0 8]
149 -> 10 = [8 0 10]
150 -> 12 = [8 0 12]
151 -> 14 = [8 0 14]
152 -> 16 = [8 0 16]
153 -> 18 = [8 1 0]
154 -> 20 = [8 1 2]
155 -> 22 = [8 1 4]
156 -> 24 = [8 1 6]
157 -> 26 = [8 1 8]
158 -> 28 = [8 1 10]
159 -> 30 = [8 1 12]
160 -> 32 = [8 1 14]
161 -> 34 = [8 1 16]
162 -> 0 = [9 0 0]
163 -> 2 = [9 0 2]
164 -> 4 = [9 0 4]
165 -> 6 = [9 0 6]
166 -> 8 = [9 0 8]
167 -> 10 = [9 0 10]
168 -> 12 = [9 0 12]
169 -> 14 = [9 0 14]
170 -> 16 = [9 0 16]
171 -> 18 = [9 1 0]
172 -> 20 = [9 1 2]
173 -> 22 = [9 1 4]
174 -> 24 = [9 1 6]
175 -> 26 = [9 1 8]
176 -> 28 = [9 1 10]
177 -> 30 = [9 1 12]
178 -> 32 = [9 1 14]
179 -> 34 = [9 1 16]
180 -> 0 = [10 0 0]
181 -> 2 = [10 0 2]
182 -> 4 = [10 0 4]
183 -> 6 = [10 0 6]
184 -> 8 = [10 0 8]
185 -> 10 = [10 0 10]
186 -> 12 = [10 0 12]
187 -> 14 = [10 0 14]
188 -> 16 = [10 0 16]
189 -> 18 = [10 1 0]
190 -> 20 = [10 1 2]
191 -> 22 = [10 1 4]
192 -> 24 = [10 1 6]
193 -> 26 = [10 1 8]
194 -> 28 = [10 1 10]
195 -> 30 = [10 1 12]
196 -> 32 = [10 1 14]
197 -> 34 = [10 1 16]
198 -> 0 = [11 0 0]
199 -> 2 = [11 0 2]
200 -> 4 = [11 0 4]
201 -> 6 = [11 0 6]
202 -> 8 = [11 0 8]
203 -> 10 = [11 0 10]
204 -> 12 = [11 0 12]
205 -> 14 = [11 0 14]
206 -> 16 = [11 0 16]
207 -> 18 = [11 1 0]
208 -> 20 = [11 1 2]
209 -> 22 = [11 1 4]
210 -> 24 = [11 1 6]
211 -> 26 = [11 1 8]
212 -> 28 = [11 1 10]
213 -> 30 = [11 1 12]
214 -> 32 = [11 1 14]
215 -> 34 = [11 1 16]
216 -> 0 = [12 0 0]
217 -> 2 = [12 0 2]
218 -> 4 = [12 0 4]
219 -> 6 = [12 0 6]
220 -> 8 = [12 0 8]
221 -> 10 = [12 0 10]
222 -> 12 = [12 0 12]
223 -> 14 = [12 0 14]
224 -> 16 = [12 0 16]
225 -> 18 = [12 1 0]
226 -> 20 = [12 1 2]
227 -> 22 = [12 1 4]
228 -> 24 = [12 1 6]
229 -> 26 = [12 1 8]
230 -> 28 = [12 1 10]
231 -> 30 = [12 1 12]
232 -> 32 = [12 1 14]
233 -> 34 = [12 1 16]
234 -> 0 = [13 0 0]
235 -> 2 = [13 0 2]
236 -> 4 = [13 0 4]
237 -> 6 = [13 0 6]
238 -> 8 = [13 0 8]
239 -> 10 = [13 0 10]
240 -> 12 = [13 0 12]
241 -> 14 = [13 0 14]
242 -> 16 = [13 0 16]
243 -> 18 = [13 1 0]
244 -> 20 = [13 1 2]
245 -> 22 = [13 1 4]
246 -> 24 = [13 1 6]
247 -> 26 = [13 1 8]
248 -> 28 = [13 1 10]
249 -> 30 = [13 1 12]
250 -> 32 = [13 1 14]
251 -> 34 = [13 1 16]
252 -> 0 = [14 0 0]
253 -> 2 = [14 0 2]
254 -> 4 = [14 0 4]
255 -> 6 = [14 0 6]
256 -> 8 = [14 0 8]
257 -> 10 = [14 0 10]
258 -> 12 = [14 0 12]
259 -> 14 = [14 0 14]
260 -> 16 = [14 0 16]
261 -> 18 = [14 1 0]
262 -> 20 = [14 1 2]
263 -> 22 = [14 1 4]
264 -> 24 = [14 1 6]
265 -> 26 = [14 1 8]
266 -> 28 = [14 1 10]
267 -> 30 = [14 1 12]
268 -> 32 = [14 1 14]
269 -> 34 = [14 1 16]
270 -> 0 = [15 0 0]
271 -> 2 = [15 0 2]
272 -> 4 = [15 0 4]
273 -> 6 = [15 0 6]
274 -> 8 = [15 0 8]
275 -> 10 = [15 0 10]
276 -> 12 = [15 0 12]
277 -> 14 = [15 0 14]
278 -> 16 = [15 0 16]
279 -> 18 = [15 1 0]
280 -> 20 = [15 1 2]
281 -> 22 = [15 1 4]
282 -> 24 = [15 1 6]
283 -> 26 = [15 1 8]
284 -> 28 = [15 1 10]
285 -> 30 = [15 1 12]
286 -> 32 = [15 1 14]
287 -> 34 = [15 1 16]
288 -> 0 = [16 0 0]
289 -> 2 = [16 0 2]
290 -> 4 = [16 0 4]
291 -> 6 = [16 0 6]
292 -> 8 = [16 0 8]
293 -> 10 = [16 0 10]
294 -> 12 = [16 0 12]
295 -> 14 = [16 0 14]
296 -> 16 = [16 0 16]
297 -> 18 = [16 1 0]
298 -> 20 = [16 1 2]
299 -> 22 = [16 1 4]
300 -> 24 = [16 1 6]
301 -> 26 = [16 1 8]
302 -> 28 = [16 1 10]
303 -> 30 = [16 1 12]
304 -> 32 = [16 1 14]
305 -> 34 = [16 1 16]
306 -> 0 = [17 0 0]
307 -> 2 = [17 0 2]
308 -> 4 = [17 0 4]
309 -> 6 = [17 0 6]
310 -> 8 = [17 0 8]
311 -> 10 = [17 0 10]
312 -> 12 = [17 0 12]
313 -> 14 = [17 0 14]
314 -> 16 = [17 0 16]
315 -> 18 = [17 1 0]
316 -> 20 = [17 1 2]
317 -> 22 = [17 1 4]
318 -> 24 = [17 1 6]
319 -> 26 = [17 1 8]
320 -> 28 = [17 1 10]
321 -> 30 = [17 1 12]
322 -> 32 = [17 1 14]
323 -> 34 = [17 1 16]
324 -> 0 = [18 0 0]
325 -> 2 = [18 0 2]
326 -> 4 = [18 0 4]
327 -> 6 = [18 0 6]
328 -> 8 = [18 0 8]
329 -> 10 = [18 0 10]
330 -> 12 = [18 0 12]
331 -> 14 = [18 0 14]
332 -> 16 = [18 0 16]
333 -> 18 = [18 1 0]
334 -> 20 = [18 1 2]
335 -> 22 = [18 1 4]
336 -> 24 = [18 1 6]
337 -> 26 = [18 1 8]
338 -> 28 = [18 1 10]
339 -> 30 = [18 1 12]
340 -> 32 = [18 1 14]
341 -> 34 = [18 1 16]
342 -> 0 = [19 0 0]
343 -> 2 = [19 0 2]
344 -> 4 = [19 0 4]
345 -> 6 = [19 0 6]
346 -> 8 = [19 0 8]
347 -> 10 = [19 0 10]
348 -> 12 = [19 0 12]
349 -> 14 = [19 0 14]
350 -> 16 = [19 0 16]
351 -> 18 = [19 1 0]
352 -> 20 = [19 1 2]
353 -> 22 = [19 1 4]
354 -> 24 = [19 1 6]
355 -> 26 = [19 1 8]
356 -> 28 = [19 1 10]
357 -> 30 = [19 1 12]
358 -> 32 = [19 1 14]
359 -> 34 = [19 1 16]
360 -> 0 = [20 0 0]
361 -> 2 = [20 0 2]
362 -> 4 = [20 0 4]
363 -> 6 = [20 0 6]
364 -> 8 = [20 0 8]
365 -> 10 = [20 0 10]
366 -> 12 = [20 0 12]
367 -> 14 = [20 0 14]
368 -> 16 = [20 0 16]
369 -> 18 = [20 1 0]
370 -> 20 = [20 1 2]
371 -> 22 = [20 1 4]
372 -> 24 = [20 1 6]
373 -> 26 = [20 1 8]
374 -> 28 = [20 1 10]
375 -> 30 = [20 1 12]
376 -> 32 = [20 1 14]
377 -> 34 = [20 1 16]
378 -> 0 = [21 0 0]
379 -> 2 = [21 0 2]
380 -> 4 = [21 0 4]
381 -> 6 = [21 0 6]
382 -> 8 = [21 0 8]
383 -> 10 = [21 0 10]
384 -> 12 = [21 0 12]
385 -> 14 = [21 0 14]
386 -> 16 = [21 0 16]
387 -> 18 = [21 1 0]
388 -> 20 = [21 1 2]
389 -> 22 = [21 1 4]
390 -> 24 = [21 1 6]
391 -> 26 = [21 1 8]
392 -> 28 = [21 1 10]
393 -> 30 = [21 1 12]
394 -> 32 = [21 1 14]
395 -> 34 = [21 1 16]
396 -> 0 = [22 0 0]
397 -> 2 = [22 0 2]
398 -> 4 = [22 0 4]
399 -> 6 = [22 0 6]
400 -> 8 = [22 0 8]
401 -> 10 = [22 0 10]
402 -> 12 = [22 0 12]
403 -> 14 = [22 0 14]
404 -> 16 = [22 0 16]
405 -> 18 = [22 1 0]
406 -> 20 = [22 1 2]
407 -> 22 = [22 1 4]
408 -> 24 = [22 1 6]
409 -> 26 = [22 1 8]
410 -> 28 = [22 1 10]
411 -> 30 = [22 1 12]
412 -> 32 = [22 1 14]
413 -> 34 = [22 1 16]
414 -> 0 = [23 0 0]
415 -> 2 = [23 0 2]
416 -> 4 = [23 0 4]
417 -> 6 = [23 0 6]
418 -> 8 = [23 0 8]
419 -> 10 = [23 0 10]
420 -> 12 = [23 0 12]
421 -> 14 = [23 0 14]
422 -> 16 = [23 0 16]
423 -> 18 = [23 1 0]
424 -> 20 = [23 1 2]
425 -> 22 = [23 1 4]
426 -> 24 = [23 1 6]
427 -> 26 = [23 1 8]
428 -> 28 = [23 1 10]
429 -> 30 = [23 1 12]
430 -> 32 = [23 1 14]
431 -> 34 = [23 1 16]
432 -> 0 = [24 0 0]
433 -> 2 = [24 0 2]
434 -> 4 = [24 0 4]
435 -> 6 = [24 0 6]
436 -> 8 = [24 0 8]
437 -> 10 = [24 0 10]
438 -> 12 = [24 0 12]
439 -> 14 = [24 0 14]
440 -> 16 = [24 0 16]
441 -> 18 = [24 1 0]
442 -> 20 = [24 1 2]
443 -> 22 = [24 1 4]
444 -> 24 = [24 1 6]
445 -> 26 = [24 1 8]
446 -> 28 = [24 1 10]
447 -> 30 = [24 1 12]
448 -> 32 = [24 1 14]
449 -> 34 = [24 1 16]
450 -> 0 = [25 0 0]
451 -> 2 = [25 0 2]
452 -> 4 = [25 0 4]
453 -> 6 = [25 0 6]
454 -> 8 = [25 0 8]
455 -> 10 = [25 0 10]
456 -> 12 = [25 0 12]
457 -> 14 = [25 0 14]
458 -> 16 = [25 0 16]
459 -> 18 = [25 1 0]
460 -> 20 = [25 1 2]
461 -> 22 = [25 1 4]
462 -> 24 = [25 1 6]
463 -> 26 = [25 1 8]
464 -> 28 = [25 1 10]
465 -> 30 = [25 1 12]
466 -> 32 = [25 1 14]
467 -> 34 = [25 1 16]
468 -> 0 = [26 0 0]
469 -> 2 = [26 0 2]
470 -> 4 = [26 0 4]
471 -> 6 = [26 0 6]
472 -> 8 = [26 0 8]
473 -> 10 = [26 0 10]
474 -> 12 = [26 0 12]
475 -> 14 = [26 0 14]
476 -> 16 = [26 0 16]
477 -> 18 = [26 1 0]
478 -> 20 = [26 1 2]
479 -> 22 = [26 1 4]
480 -> 24 = [26 1 6]
481 -> 26 = [26 1 8]
482 -> 28 = [26 1 10]
483 -> 30 = [26 1 12]
484 -> 32 = [26 1 14]
485 -> 34 = [26 1 16]
486 -> 0 = [27 0 0]
487 -> 2 = [27 0 2]
488 -> 4 = [27 0 4]
489 -> 6 = [27 0 6]
490 -> 8 = [27 0 8]
491 -> 10 = [27 0 10]
492 -> 12 = [27 0 12]
493 -> 14 = [27 0 14]
494 -> 16 = [27 0 16]
495 -> 18 = [27 1 0]
496 -> 20 = [27 1 2]
497 -> 22 = [27 1 4]
498 -> 24 = [27 1 6]
499 -> 26 = [27 1 8]
500 -> 28 = [27 1 10]
501 -> 30 = [27 1 12]
502 -> 32 = [27 1 14]
503 -> 34 = [27 1 16]
504 -> 0 = [28 0 0]
505 -> 2 = [28 0 2]
506 -> 4 = [28 0 4]
507 -> 6 = [28 0 6]
508 -> 8 = [28 0 8]
509 -> 10 = [28 0 10]
510 -> 12 = [28 0 12]
511 -> 14 = [28 0 14]
512 -> 16 = [28 0 16]
513 -> 18 = [28 1 0]
514 -> 20 = [28 1 2]
515 -> 22 = [28 1 4]
516 -> 24 = [28 1 6]
517 -> 26 = [28 1 8]
518 -> 28 = [28 1 10]
519 -> 30 = [28 1 12]
520 -> 32 = [28 1 14]
521 -> 34 = [28 1 16]
522 -> 0 = [29 0 0]
523 -> 2 = [29 0 2]
524 -> 4 = [29 0 4]
525 -> 6 = [29 0 6]
526 -> 8 = [29 0 8]
527 -> 10 = [29 0 10]
528 -> 12 = [29 0 12]
529 -> 14 = [29 0 14]
530 -> 16 = [29 0 16]
531 -> 18 = [29 1 0]
532 -> 20 = [29 1 2]
533 -> 22 = [29 1 4]
534 -> 24 = [29 1 6]
535 -> 26 = [29 1 8]
536 -> 28 = [29 1 10]
537 -> 30 = [29 1 12]
538 -> 32 = [29 1 14]
539 -> 34 = [29 1 16]
540 -> 0 = [30 0 0]
541 -> 2 = [30 0 2]
542 -> 4 = [30 0 4]
543 -> 6 = [30 0 6]
544 -> 8 = [30 0 8]
545 -> 10 = [30 0 10]
546 -> 12 = [30 0 12]
547 -> 14 = [30 0 14]
548 -> 16 = [30 0 16]
549 -> 18 = [30 1 0]
550 -> 20 = [30 1 2]
551 -> 22 = [30 1 4]
552 -> 24 = [30 1 6]
553 -> 26 = [30 1 8]
554 -> 28 = [30 1 10]
555 -> 30 = [30 1 12]
556 -> 32 = [30 1 14]
557 -> 34 = [30 1 16]
558 -> 0 = [31 0 0]
559 -> 2 = [31 0 2]
560 -> 4 = [31 0 4]
561 -> 6 = [31 0 6]
562 -> 8 = [31 0 8]
563 -> 10 = [31 0 10]
564 -> 12 = [31 0 12]
565 -> 14 = [31 0 14]
566 -> 16 = [31 0 16]
567 -> 18 = [31 1 0]
568 -> 20 = [31 1 2]
569 -> 22 = [31 1 4]
570 -> 24 = [31 1 6]
571 -> 26 = [31 1 8]
572 -> 28 = [31 1 10]
573 -> 30 = [31 1 12]
574 -> 32 = [31 1 14]
575 -> 34 = [31 1 16]
576 -> 0 = [32 0 0]
577 -> 2 = [32 0 2]
578 -> 4 = [32 0 4]
579 -> 6 = [32 0 6]
580 -> 8 = [32 0 8]
581 -> 10 = [32 0 10]
582 -> 12 = [32 0 12]
583 -> 14 = [32 0 14]
584 -> 16 = [32 0 16]
585 -> 18 = [32 1 0]
586 -> 20 = [32 1 2]
587 -> 22 = [32 1 4]
588 -> 24 = [32 1 6]
589 -> 26 = [32 1 8]
590 -> 28 = [32 1 10]
591 -> 30 = [32 1 12]
592 -> 32 = [32 1 14]
593 -> 34 = [32 1 16]
594 -> 0 = [33 0 0]
595 -> 2 = [33 0 2]
596 -> 4 = [33 0 4]
597 -> 6 = [33 0 6]
598 -> 8 = [33 0 8]
599 -> 10 = [33 0 10]
600 -> 12 = [33 0 12]
601 -> 14 = [33 0 14]
602 -> 16 = [33 0 16]
603 -> 18 = [33 1 0]
604 -> 20 = [33 1 2]
605 -> 22 = [33 1 4]
606 -> 24 = [33 1 6]
607 -> 26 = [33 1 8]
608 -> 28 = [33 1 10]
609 -> 30 = [33 1 12]
610 -> 32 = [33 1 14]
611 -> 34 = [33 1 16]
612 -> 0 = [34 0 0]
613 -> 2 = [34 0 2]
614 -> 4 = [34 0 4]
615 -> 6 = [34 0 6]
616 -> 8 = [34 0 8]
617 -> 10 = [34 0 10]
618 -> 12 = [34 0 12]
619 -> 14 = [34 0 14]
620 -> 16 = [34 0 16]
621 -> 18 = [34 1 0]
622 -> 20 = [34 1 2]
623 -> 22 = [34 1 4]
624 -> 24 = [34 1 6]
625 -> 26 = [34 1 8]
626 -> 28 = [34 1 10]
627 -> 30 = [34 1 12]
628 -> 32 = [34 1 14]
629 -> 34 = [34 1 16]
630 -> 0 = [35 0 0]
631 -> 2 = [35 0 2]
632 -> 4 = [35 0 4]
633 -> 6 = [35 0 6]
634 -> 8 = [35 0 8]
635 -> 10 = [35 0 10]
636 -> 12 = [35 0 12]
637 -> 14 = [35 0 14]
638 -> 16 = [35 0 16]
639 -> 18 = [35 1 0]
640 -> 20 = [35 1 2]
641 -> 22 = [35 1 4]
642 -> 24 = [35 1 6]
643 -> 26 = [35 1 8]
644 -> 28 = [35 1 10]
645 -> 30 = [35 1 12]
646 -> 32 = [35 1 14]
647 -> 34 = [35 1 16]
648 -> 0 = [36 0 0]
649 -> 2 = [36 0 2]
650 -> 4 = [36 0 4]
651 -> 6 = [36 0 6]
652 -> 8 = [36 0 8]
653 -> 10 = [36 0 10]
654 -> 12 = [36 0 12]
655 -> 14 = [36 0 14]
656 -> 16 = [36 0 16]
657 -> 18 = [36 1 0]
658 -> 20 = [36 1 2]
659 -> 22 = [36 1 4]
660 -> 24 = [36 1 6]
661 -> 26 = [36 1 8]
662 -> 28 = [36 1 10]
663 -> 30 = [36 1 12]
664 -> 32 = [36 1 14]
665 -> 34 = [36 1 16]
666 -> 0 = [37 0 0]
667 -> 2 = [37 0 2]
668 -> 4 = [37 0 4]
669 -> 6 = [37 0 6]
670 -> 8 = [37 0 8]
671 -> 10 = [37 0 10]
672 -> 12 = [37 0 12]
673 -> 14 = [37 0 14]
674 -> 16 = [37 0 16]
675 -> 18 = [37 1 0]
676 -> 20 = [37 1 2]
677 -> 22 = [37 1 4]
678 -> 24 = [37 1 6]
679 -> 26 = [37 1 8]
680 -> 28 = [37 1 10]
681 -> 30 = [37 1 12]
682 -> 32 = [37 1 14]
683 -> 34 = [37 1 16]
684 -> 0 = [38 0 0]
685 -> 2 = [38 0 2]
686 -> 4 = [38 0 4]
687 -> 6 = [38 0 6]
688 -> 8 = [38 0 8]
689 -> 10 = [38 0 10]
690 -> 12 = [38 0 12]
691 -> 14 = [38 0 14]
692 -> 16 = [38 0 16]
693 -> 18 = [38 1 0]
694 -> 20 = [38 1 2]
695 -> 22 = [38 1 4]
696 -> 24 = [38 1 6]
697 -> 26 = [38 1 8]
698 -> 28 = [38 1 10]
699 -> 30 = [38 1 12]
700 -> 32 = [38 1 14]
701 -> 34 = [38 1 16]
702 -> 0 = [39 0 0]
703 -> 2 = [39 0 2]
704 -> 4 = [39 0 4]
705 -> 6 = [39 0 6]
706 -> 8 = [39 0 8]
707 -> 10 = [39 0 10]
708 -> 12 = [39 0 12]
709 -> 14 = [39 0 14]
710 -> 16 = [39 0 16]
711 -> 18 = [39 1 0]
712 -> 20 = [39 1 2]
713 -> 22 = [39 1 4]
714 -> 24 = [39 1 6]
715 -> 26 = [39 1 8]
716 -> 28 = [39 1 10]
717 -> 30 = [39 1 12]
718 -> 32 = [39 1 14]
719 -> 34 = [39 1 16]
720 -> 0 = [40 0 0]
721 -> 2 = [40 0 2]
722 -> 4 = [40 0 4]
723 -> 6 = [40 0 6]
724 -> 8 = [40 0 8]
725 -> 10 = [40 0 10]
726 -> 12 = [40 0 12]
727 -> 14 = [40 0 14]
728 -> 16 = [40 0 16]
729 -> 18 = [40 1 0]
730 -> 20 = [40 1 2]
731 -> 22 = [40 1 4]
732 -> 24 = [40 1 6]
733 -> 26 = [40 1 8]
734 -> 28 = [40 1 10]
735 -> 30 = [40 1 12]
736 -> 32 = [40 1 14]
737 -> 34 = [40 1 16]
738 -> 0 = [41 0 0]
739 -> 2 = [41 0 2]
740 -> 4 = [41 0 4]
741 -> 6 = [41 0 6]
742 -> 8 = [41 0 8]
743 -> 10 = [41 0 10]
744 -> 12 = [41 0 12]
745 -> 14 = [41 0 14]
746 -> 16 = [41 0 16]
747 -> 18 = [41 1 0]
748 -> 20 = [41 1 2]
749 -> 22 = [41 1 4]
750 -> 24 = [41 1 6]
751 -> 26 = [41 1 8]
752 -> 28 = [41 1 10]
753 -> 30 = [41 1 12]
754 -> 32 = [41 1 14]
755 -> 34 = [41 1 16]
756 -> 0 = [42 0 0]
757 -> 2 = [42 0 2]
758 -> 4 = [42 0 4]
759 -> 6 = [42 0 6]
760 -> 8 = [42 0 8]
761 -> 10 = [42 0 10]
762 -> 12 = [42 0 12]
763 -> 14 = [42 0 14]
764 -> 16 = [42 0 16]
765 -> 18 = [42 1 0]
766 -> 20 = [42 1 2]
767 -> 22 = [42 1 4]
768 -> 24 = [42 1 6]
769 -> 26 = [42 1 8]
770 -> 28 = [42 1 10]
771 -> 30 = [42 1 12]
772 -> 32 = [42 1 14]
773 -> 34 = [42 1 16]
774 -> 0 = [43 0 0]
775 -> 2 = [43 0 2]
776 -> 4 = [43 0 4]
777 -> 6 = [43 0 6]
778 -> 8 = [43 0 8]
779 -> 10 = [43 0 10]
780 -> 12 = [43 0 12]
781 -> 14 = [43 0 14]
782 -> 16 = [43 0 16]
783 -> 18 = [43 1 0]
784 -> 20 = [43 1 2]
785 -> 22 = [43 1 4]
786 -> 24 = [43 1 6]
787 -> 26 = [43 1 8]
788 -> 28 = [43 1 10]
789 -> 30 = [43 1 12]
790 -> 32 = [43 1 14]
791 -> 34 = [43 1 16]
792 -> 0 = [44 0 0]
793 -> 2 = [44 0 2]
794 -> 4 = [44 0 4]
795 -> 6 = [44 0 6]
796 -> 8 = [44 0 8]
797 -> 10 = [44 0 10]
798 -> 12 = [44 0 12]
799 -> 14 = [44 0 14]
800 -> 16 = [44 0 16]
801 -> 18 = [44 1 0]
802 -> 20 = [44 1 2]
803 -> 22 = [44 1 4]
804 -> 24 = [44 1 6]
805 -> 26 = [44 1 8]
806 -> 28 = [44 1 10]
807 -> 30 = [44 1 12]
808 -> 32 = [44 1 14]
809 -> 34 = [44 1 16]
810 -> 0 = [45 0 0]
811 -> 2 = [45 0 2]
812 -> 4 = [45 0 4]
813 -> 6 = [45 0 6]
814 -> 8 = [45 0 8]
815 -> 10 = [45 0 10]
816 -> 12 = [45 0 12]
817 -> 14 = [45 0 14]
818 -> 16 = [45 0 16]
819 -> 18 = [45 1 0]
820 -> 20 = [45 1 2]
821 -> 22 = [45 1 4]
822 -> 24 = [45 1 6]
823 -> 26 = [45 1 8]
824 -> 28 = [45 1 10]
825 -> 30 = [45 1 12]
826 -> 32 = [45 1 14]
827 -> 34 = [45 1 16]
828 -> 0 = [46 0 0]
829 -> 2 = [46 0 2]
830 -> 4 = [46 0 4]
831 -> 6 = [46 0 6]
832 -> 8 = [46 0 8]
833 -> 10 = [46 0 10]
834 -> 12 = [46 0 12]
835 -> 14 = [46 0 14]
836 -> 16 = [46 0 16]
837 -> 18 = [46 1 0]
838 -> 20 = [46 1 2]
839 -> 22 = [46 1 4]
840 -> 24 = [46 1 6]
841 -> 26 = [46 1 8]
842 -> 28 = [46 1 10]
843 -> 30 = [46 1 12]
844 -> 32 = [46 1 14]
845 -> 34 = [46 1 16]
846 -> 0 = [47 0 0]
847 -> 2 = [47 0 2]
848 -> 4 = [47 0 4]
849 -> 6 = [47 0 6]
850 -> 8 = [47 0 8]
851 -> 10 = [47 0 10]
852 -> 12 = [47 0 12]
853 -> 14 = [47 0 14]
854 -> 16 = [47 0 16]
855 -> 18 = [47 1 0]
856 -> 20 = [47 1 2]
857 -> 22 = [47 1 4]
858 -> 24 = [47 1 6]
859 -> 26 = [47 1 8]
860 -> 28 = [47 1 10]
861 -> 30 = [47 1 12]
862 -> 32 = [47 1 14]
863 -> 34 = [47 1 16]
864 -> 0 = [48 0 0]
865 -> 2 = [48 0 2]
866 -> 4 = [48 0 4]
867 -> 6 = [48 0 6]
868 -> 8 = [48 0 8]
869 -> 10 = [48 0 10]
870 -> 12 = [48 0 12]
871 -> 14 = [48 0 14]
872 -> 16 = [48 0 16]
873 -> 18 = [48 1 0]
874 -> 20 = [48 1 2]
875 -> 22 = [48 1 4]
876 -> 24 = [48 1 6]
877 -> 26 = [48 1 8]
878 -> 28 = [48 1 10]
879 -> 30 = [48 1 12]
880 -> 32 = [48 1 14]
881 -> 34 = [48 1 16]
882 -> 0 = [49 0 0]
883 -> 2 = [49 0 2]
884 -> 4 = [49 0 4]
885 -> 6 = [49 0 6]
886 -> 8 = [49 0 8]
887 -> 10 = [49 0 10]
888 -> 12 = [49 0 12]
889 -> 14 = [49 0 14]
890 -> 16 = [49 0 16]
891 -> 18 = [49 1 0]
892 -> 20 = [49 1 2]
893 -> 22 = [49 1 4]
894 -> 24 = [49 1 6]
895 -> 26 = [49 1 8]
896 -> 28 = [49 1 10]
897 -> 30 = [49 1 12]
898 -> 32 = [49 1 14]
899 -> 34 = [49 1 16]
900 -> 0 = [50 0 0]
901 -> 2 = [50 0 2]
902 -> 4 = [50 0 4]
903 -> 6 = [50 0 6]
904 -> 8 = [50 0 8]
905 -> 10 = [50 0 10]
906 -> 12 = [50 0 12]
907 -> 14 = [50 0 14]
908 -> 16 = [50 0 16]
909 -> 18 = [50 1 0]
910 -> 20 = [50 1 2]
911 -> 22 = [50 1 4]
912 -> 24 = [50 1 6]
913 -> 26 = [50 1 8]
914 -> 28 = [50 1 10]
915 -> 30 = [50 1 12]
916 -> 32 = [50 1 14]
917 -> 34 = [50 1 16]
918 -> 0 = [51 0 0]
919 -> 2 = [51 0 2]
920 -> 4 = [51 0 4]
921 -> 6 = [51 0 6]
922 -> 8 = [51 0 8]
923 -> 10 = [51 0 10]
924 -> 12 = [51 0 12]
925 -> 14 = [51 0 14]
926 -> 16 = [51 0 16]
927 -> 18 = [51 1 0]
928 -> 20 = [51 1 2]
929 -> 22 = [51 1 4]
930 -> 24 = [51 1 6]
931 -> 26 = [51 1 8]
932 -> 28 = [51 1 10]
933 -> 30 = [51 1 12]
934 -> 32 = [51 1 14]
935 -> 34 = [51 1 16]
936 -> 0 = [52 0 0]
937 -> 2 = [52 0 2]
938 -> 4 = [52 0 4]
939 -> 6 = [52 0 6]
940 -> 8 = [52 0 8]
941 -> 10 = [52 0 10]
942 -> 12 = [52 0 12]
943 -> 14 = [52 0 14]
944 -> 16 = [52 0 16]
945 -> 18 = [52 1 0]
946 -> 20 = [52 1 2]
947 -> 22 = [52 1 4]
948 -> 24 = [52 1 6]
949 -> 26 = [52 1 8]
950 -> 28 = [52 1 10]
951 -> 30 = [52 1 12]
952 -> 32 = [52 1 14]
953 -> 34 = [52 1 16]
954 -> 0 = [53 0 0]
955 -> 2 = [53 0 2]
956 -> 4 = [53 0 4]
957 -> 6 = [53 0 6]
958 -> 8 = [53 0 8]
959 -> 10 = [53 0 10]
960 -> 12 = [53 0 12]
961 -> 14 = [53 0 14]
962 -> 16 = [53 0 16]
963 -> 18 = [53 1 0]
964 -> 20 = [53 1 2]
965 -> 22 = [53 1 4]
966 -> 24 = [53 1 6]
967 -> 26 = [53 1 8]
968 -> 28 = [53 1 10]
969 -> 30 = [53 1 12]
970 -> 32 = [53 1 14]
971 -> 34 = [53 1 16]
972 -> 0 = [54 0 0]
973 -> 2 = [54 0 2]
974 -> 4 = [54 0 4]
975 -> 6 = [54 0 6]
976 -> 8 = [54 0 8]
977 -> 10 = [54 0 10]
978 -> 12 = [54 0 12]
979 -> 14 = [54 0 14]
980 -> 16 = [54 0 16]
981 -> 18 = [54 1 0]
982 -> 20 = [54 1 2]
983 -> 22 = [54 1 4]
984 -> 24 = [54 1 6]
985 -> 26 = [54 1 8]
986 -> 28 = [54 1 10]
987 -> 30 = [54 1 12]
988 -> 32 = [54 1 14]
989 -> 34 = [54 1 16]
990 -> 0 = [55 0 0]
991 -> 2 = [55 0 2]
992 -> 4 = [55 0 4]
993 -> 6 = [55 0 6]
994 -> 8 = [55 0 8]
995 -> 10 = [55 0 10]
996 -> 12 = [55 0 12]
997 -> 14 = [55 0 14]
998 -> 16 = [55 0 16]
999 -> 18 = [55 1 0]
1000 -> 20 = [55 1 2]
1001 -> 22 = [55 1 4]
1002 -> 24 = [55 1 6]
1003 -> 26 = [55 1 8]
1004 -> 28 = [55 1 10]
1005 -> 30 = [55 1 12]
1006 -> 32 = [55 1 14]
1007 -> 34 = [55 1 16]
1008 -> 0 = [56 0 0]
1009 -> 2 = [56 0 2]
1010 -> 4 = [56 0 4]
1011 -> 6 = [56 0 6]
1012 -> 8 = [56 0 8]
1013 -> 10 = [56 0 10]
1014 -> 12 = [56 0 12]
1015 -> 14 = [56 0 14]
1016 -> 16 = [56 0 16]
1017 -> 18 = [56 1 0]
1018 -> 20 = [56 1 2]
1019 -> 22 = [56 1 4]
1020 -> 24 = [56 1 6]
1021 -> 26 = [56 1 8]
1022 -> 28 = [56 1 10]
1023 -> 30 = [56 1 12]
1024 -> 32 = [56 1 14]
1025 -> 34 = [56 1 16]
1026 -> 0 = [57 0 0]
1027 -> 2 = [57 0 2]
1028 -> 4 = [57 0 4]
1029 -> 6 = [57 0 6]
1030 -> 8 = [57 0 8]
1031 -> 10 = [57 0 10]
1032 -> 12 = [57 0 12]
1033 -> 14 = [57 0 14]
1034 -> 16 = [57 0 16]
1035 -> 18 = [57 1 0]
1036 -> 20 = [57 1 2]
1037 -> 22 = [57 1 4]
1038 -> 24 = [57 1 6]
1039 -> 26 = [57 1 8]
1040 -> 28 = [57 1 10]
1041 -> 30 = [57 1 12]
1042 -> 32 = [57 1 14]
1043 -> 34 = [57 1 16]
1044 -> 0 = [58 0 0]
1045 -> 2 = [58 0 2]
1046 -> 4 = [58 0 4]
1047 -> 6 = [58 0 6]
1048 -> 8 = [58 0 8]
1049 -> 10 = [58 0 10]
1050 -> 12 = [58 0 12]
1051 -> 14 = [58 0 14]
1052 -> 16 = [58 0 16]
1053 -> 18 = [58 1 0]
1054 -> 20 = [58 1 2]
1055 -> 22 = [58 1 4]
1056 -> 24 = [58 1 6]
1057 -> 26 = [58 1 8]
1058 -> 28 = [58 1 10]
1059 -> 30 = [58 1 12]
1060 -> 32 = [58 1 14]
1061 -> 34 = [58 1 16]
1062 -> 0 = [59 0 0]
1063 -> 2 = [59 0 2]
1064 -> 4 = [59 0 4]
1065 -> 6 = [59 0 6]
1066 -> 8 = [59 0 8]
1067 -> 10 = [59 0 10]
1068 -> 12 = [59 0 12]
1069 -> 14 = [59 0 14]
1070 -> 16 = [59 0 16]
1071 -> 18 = [59 1 0]
1072 -> 20 = [59 1 2]
1073 -> 22 = [59 1 4]
1074 -> 24 = [59 1 6]
1075 -> 26 = [59 1 8]
1076 -> 28 = [59 1 10]
1077 -> 30 = [59 1 12]
1078 -> 32 = [59 1 14]
1079 -> 34 = [59 1 16]
1080 -> 0 = [60 0 0]
1081 -> 2 = [60 0 2]
1082 -> 4 = [60 0 4]
1083 -> 6 = [60 0 6]
1084 -> 8 = [60 0 8]
1085 -> 10 = [60 0 10]
1086 -> 12 = [60 0 12]
1087 -> 14 = [60 0 14]
1088 -> 16 = [60 0 16]
1089 -> 18 = [60 1 0]
1090 -> 20 = [60 1 2]
1091 -> 22 = [60 1 4]
1092 -> 24 = [60 1 6]
1093 -> 26 = [60 1 8]
1094 -> 28 = [60 1 10]
1095 -> 30 = [60 1 12]
1096 -> 32 = [60 1 14]
1097 -> 34 = [60 1 16]
1098 -> 0 = [61 0 0]
1099 -> 2 = [61 0 2]
1100 -> 4 = [61 0 4]
1101 -> 6 = [61 0 6]
1102 -> 8 = [61 0 8]
1103 -> 10 = [61 0 10]
1104 -> 12 = [61 0 12]
1105 -> 14 = [61 0 14]
1106 -> 16 = [61 0 16]
1107 -> 18 = [61 1 0]
1108 -> 20 = [61 1 2]
1109 -> 22 = [61 1 4]
1110 -> 24 = [61 1 6]
1111 -> 26 = [61 1 8]
1112 -> 28 = [61 1 10]
1113 -> 30 = [61 1 12]
1114 -> 32 = [61 1 14]
1115 -> 34 = [61 1 16]
1116 -> 0 = [62 0 0]
1117 -> 2 = [62 0 2]
1118 -> 4 = [62 0 4]
1119 -> 6 = [62 0 6]
1120 -> 8 = [62 0 8]
1121 -> 10 = [62 0 10]
1122 -> 12 = [62 0 12]
1123 -> 14 = [62 0 14]
1124 -> 16 = [62 0 16]
1125 -> 18 = [62 1 0]
1126 -> 20 = [62 1 2]
1127 -> 22 = [62 1 4]
1128 -> 24 = [62 1 6]
1129 -> 26 = [62 1 8]
1130 -> 28 = [62 1 10]
1131 -> 30 = [62 1 12]
1132 -> 32 = [62 1 14]
1133 -> 34 = [62 1 16]
1134 -> 0 = [63 0 0]
1135 -> 2 = [63 0 2]
1136 -> 4 = [63 0 4]
1137 -> 6 = [63 0 6]
1138 -> 8 = [63 0 8]
1139 -> 10 = [63 0 10]
1140 -> 12 = [63 0 12]
1141 -> 14 = [63 0 14]
1142 -> 16 = [63 0 16]
1143 -> 18 = [63 1 0]
1144 -> 20 = [63 1 2]
1145 -> 22 = [63 1 4]
1146 -> 24 = [63 1 6]
1147 -> 26 = [63 1 8]
1148 -> 28 = [63 1 10]
1149 -> 30 = [63 1 12]
1150 -> 32 = [63 1 14]
1151 -> 34 = [63 1 16]
1152 -> 0 = [64 0 0]
1153 -> 2 = [64 0 2]
1154 -> 4 = [64 0 4]
1155 -> 6 = [64 0 6]
1156 -> 8 = [64 0 8]
1157 -> 10 = [64 0 10]
1158 -> 12 = [64 0 12]
1159 -> 14 = [64 0 14]
1160 -> 16 = [64 0 16]
1161 -> 18 = [64 1 0]
1162 -> 20 = [64 1 2]
1163 -> 22 = [64 1 4]
1164 -> 24 = [64 1 6]
1165 -> 26 = [64 1 8]
1166 -> 28 = [64 1 10]
1167 -> 30 = [64 1 12]
1168 -> 32 = [64 1 14]
1169 -> 34 = [64 1 16]
1170 -> 0 = [65 0 0]
1171 -> 2 = [65 0 2]
1172 -> 4 = [65 0 4]
1173 -> 6 = [65 0 6]
1174 -> 8 = [65 0 8]
1175 -> 10 = [65 0 10]
1176 -> 12 = [65 0 12]
1177 -> 14 = [65 0 14]
1178 -> 16 = [65 0 16]
1179 -> 18 = [65 1 0]
1180 -> 20 = [65 1 2]
1181 -> 22 = [65 1 4]
1182 -> 24 = [65 1 6]
1183 -> 26 = [65 1 8]
1184 -> 28 = [65 1 10]
1185 -> 30 = [65 1 12]
1186 -> 32 = [65 1 14]
1187 -> 34 = [65 1 16]
1188 -> 0 = [66 0 0]
1189 -> 2 = [66 0 2]
1190 -> 4 = [66 0 4]
1191 -> 6 = [66 0 6]
1192 -> 8 = [66 0 8]
1193 -> 10 = [66 0 10]
1194 -> 12 = [66 0 12]
1195 -> 14 = [66 0 14]
1196 -> 16 = [66 0 16]
1197 -> 18 = [66 1 0]
1198 -> 20 = [66 1 2]
1199 -> 22 = [66 1 4]
1200 -> 24 = [66 1 6]
1201 -> 26 = [66 1 8]
1202 -> 28 = [66 1 10]
1203 -> 30 = [66 1 12]
1204 -> 32 = [66 1 14]
1205 -> 34 = [66 1 16]
1206 -> 0 = [67 0 0]
1207 -> 2 = [67 0 2]
1208 -> 4 = [67 0 4]
1209 -> 6 = [67 0 6]
1210 -> 8 = [67 0 8]
1211 -> 10 = [67 0 10]
1212 -> 12 = [67 0 12]
1213 -> 14 = [67 0 14]
1214 -> 16 = [67 0 16]
1215 -> 18 = [67 1 0]
1216 -> 20 = [67 1 2]
1217 -> 22 = [67 1 4]
1218 -> 24 = [67 1 6]
1219 -> 26 = [67 1 8]
1220 -> 28 = [67 1 10]
1221 -> 30 = [67 1 12]
1222 -> 32 = [67 1 14]
1223 -> 34 = [67 1 16]
1224 -> 0 = [68 0 0]
1225 -> 2 = [68 0 2]
1226 -> 4 = [68 0 4]
1227 -> 6 = [68 0 6]
1228 -> 8 = [68 0 8]
1229 -> 10 = [68 0 10]
1230 -> 12 = [68 0 12]
1231 -> 14 = [68 0 14]
1232 -> 16 = [68 0 16]
1233 -> 18 = [68 1 0]
1234 -> 20 = [68 1 2]
1235 -> 22 = [68 1 4]
1236 -> 24 = [68 1 6]
1237 -> 26 = [68 1 8]
1238 -> 28 = [68 1 10]
1239 -> 30 = [68 1 12]
1240 -> 32 = [68 1 14]
1241 -> 34 = [68 1 16]
1242 -> 0 = [69 0 0]
1243 -> 2 = [69 0 2]
1244 -> 4 = [69 0 4]
1245 -> 6 = [69 0 6]
1246 -> 8 = [69 0 8]
1247 -> 10 = [69 0 10]
1248 -> 12 = [69 0 12]
1249 -> 14 = [69 0 14]
1250 -> 16 = [69 0 16]
1251 -> 18 = [69 1 0]
1252 -> 20 = [69 1 2]
1253 -> 22 = [69 1 4]
1254 -> 24 = [69 1 6]
1255 -> 26 = [69 1 8]
1256 -> 28 = [69 1 10]
1257 -> 30 = [69 1 12]
1258 -> 32 = [69 1 14]
1259 -> 34 = [69 1 16]
1260 -> 0 = [70 0 0]
1261 -> 2 = [70 0 2]
1262 -> 4 = [70 0 4]
1263 -> 6 = [70 0 6]
1264 -> 8 = [70 0 8]
1265 -> 10 = [70 0 10]
1266 -> 12 = [70 0 12]
1267 -> 14 = [70 0 14]
1268 -> 16 = [70 0 16]
1269 -> 18 = [70 1 0]
1270 -> 20 = [70 1 2]
1271 -> 22 = [70 1 4]
1272 -> 24 = [70 1 6]
1273 -> 26 = [70 1 8]
1274 -> 28 = [70 1 10]
1275 -> 30 = [70 1 12]
1276 -> 32 = [70 1 14]
1277 -> 34 = [70 1 16]
1278 -> 0 = [71 0 0]
1279 -> 2 = [71 0 2]
1280 -> 4 = [71 0 4]
1281 -> 6 = [71 0 6]
1282 -> 8 = [71 0 8]
1283 -> 10 = [71 0 10]
1284 -> 12 = [71 0 12]
1285 -> 14 = [71 0 14]
1286 -> 16 = [71 0 16]
1287 -> 18 = [71 1 0]
1288 -> 20 = [71 1 2]
1289 -> 22 = [71 1 4]
1290 -> 24 = [71 1 6]
1291 -> 26 = [71 1 8]
1292 -> 28 = [71 1 10]
1293 -> 30 = [71 1 12]
1294 -> 32 = [71 1 14]
1295 -> 34 = [71 1 16]
1296 -> 0 = [72 0 0]
1297 -> 2 = [72 0 2]
1298 -> 4 = [72 0 4]
1299 -> 6 = [72 0 6]
1300 -> 8 = [72 0 8]
1301 -> 10 = [72 0 10]
1302 -> 12 = [72 0 12]
1303 -> 14 = [72 0 14]
1304 -> 16 = [72 0 16]
1305 -> 18 = [72 1 0]
1306 -> 20 = [72 1 2]
1307 -> 22 = [72 1 4]
1308 -> 24 = [72 1 6]
1309 -> 26 = [72 1 8]
1310 -> 28 = [72 1 10]
1311 -> 30 = [72 1 12]
1312 -> 32 = [72 1 14]
1313 -> 34 = [72 1 16]
1314 -> 0 = [73 0 0]
1315 -> 2 = [73 0 2]
1316 -> 4 = [73 0 4]
1317 -> 6 = [73 0 6]
1318 -> 8 = [73 0 8]
1319 -> 10 = [73 0 10]
1320 -> 12 = [73 0 12]
1321 -> 14 = [73 0 14]
1322 -> 16 = [73 0 16]
1323 -> 18 = [73 1 0]
1324 -> 20 = [73 1 2]
1325 -> 22 = [73 1 4]
1326 -> 24 = [73 1 6]
1327 -> 26 = [73 1 8]
1328 -> 28 = [73 1 10]
1329 -> 30 = [73 1 12]
1330 -> 32 = [73 1 14]
1331 -> 34 = [73 1 16]
1332 -> 0 = [74 0 0]
1333 -> 2 = [74 0 2]
1334 -> 4 = [74 0 4]
1335 -> 6 = [74 0 6]
1336 -> 8 = [74 0 8]
1337 -> 10 = [74 0 10]
1338 -> 12 = [74 0 12]
1339 -> 14 = [74 0 14]
1340 -> 16 = [74 0 16]
1341 -> 18 = [74 1 0]
1342 -> 20 = [74 1 2]
1343 -> 22 = [74 1 4]
1344 -> 24 = [74 1 6]
1345 -> 26 = [74 1 8]
1346 -> 28 = [74 1 10]
1347 -> 30 = [74 1 12]
1348 -> 32 = [74 1 14]
1349 -> 34 = [74 1 16]
1350 -> 0 = [75 0 0]
1351 -> 2 = [75 0 2]
1352 -> 4 = [75 0 4]
1353 -> 6 = [75 0 6]
1354 -> 8 = [75 0 8]
1355 -> 10 = [75 0 10]
1356 -> 12 = [75 0 12]
1357 -> 14 = [75 0 14]
1358 -> 16 = [75 0 16]
1359 -> 18 = [75 1 0]
1360 -> 20 = [75 1 2]
1361 -> 22 = [75 1 4]
1362 -> 24 = [75 1 6]
1363 -> 26 = [75 1 8]
1364 -> 28 = [75 1 10]
1365 -> 30 = [75 1 12]
1366 -> 32 = [75 1 14]
1367 -> 34 = [75 1 16]
1368 -> 0 = [76 0 0]
1369 -> 2 = [76 0 2]
1370 -> 4 = [76 0 4]
1371 -> 6 = [76 0 6]
1372 -> 8 = [76 0 8]
1373 -> 10 = [76 0 10]
1374 -> 12 = [76 0 12]
1375 -> 14 = [76 0 14]
1376 -> 16 = [76 0 16]
1377 -> 18 = [76 1 0]
1378 -> 20 = [76 1 2]
1379 -> 22 = [76 1 4]
1380 -> 24 = [76 1 6]
1381 -> 26 = [76 1 8]
1382 -> 28 = [76 1 10]
1383 -> 30 = [76 1 12]
1384 -> 32 = [76 1 14]
1385 -> 34 = [76 1 16]
1386 -> 0 = [77 0 0]
1387 -> 2 = [77 0 2]
1388 -> 4 = [77 0 4]
1389 -> 6 = [77 0 6]
1390 -> 8 = [77 0 8]
1391 -> 10 = [77 0 10]
1392 -> 12 = [77 0 12]
1393 -> 14 = [77 0 14]
1394 -> 16 = [77 0 16]
1395 -> 18 = [77 1 0]
1396 -> 20 = [77 1 2]
1397 -> 22 = [77 1 4]
1398 -> 24 = [77 1 6]
1399 -> 26 = [77 1 8]
1400 -> 28 = [77 1 10]
1401 -> 30 = [77 1 12]
1402 -> 32 = [77 1 14]
1403 -> 34 = [77 1 16]
1404 -> 0 = [78 0 0]
1405 -> 2 = [78 0 2]
1406 -> 4 = [78 0 4]
1407 -> 6 = [78 0 6]
1408 -> 8 = [78 0 8]
1409 -> 10 = [78 0 10]
1410 -> 12 = [78 0 12]
1411 -> 14 = [78 0 14]
1412 -> 16 = [78 0 16]
1413 -> 18 = [78 1 0]
1414 -> 20 = [78 1 2]
1415 -> 22 = [78 1 4]
1416 -> 24 = [78 1 6]
1417 -> 26 = [78 1 8]
1418 -> 28 = [78 1 10]
1419 -> 30 = [78 1 12]
1420 -> 32 = [78 1 14]
1421 -> 34 = [78 1 16]
1422 -> 0 = [79 0 0]
1423 -> 2 = [79 0 2]
1424 -> 4 = [79 0 4]
1425 -> 6 = [79 0 6]
1426 -> 8 = [79 0 8]
1427 -> 10 = [79 0 10]
1428 -> 12 = [79 0 12]
1429 -> 14 = [79 0 14]
1430 -> 16 = [79 0 16]
1431 -> 18 = [79 1 0]
1432 -> 20 = [79 1 2]
1433 -> 22 = [79 1 4]
1434 -> 24 = [79 1 6]
1435 -> 26 = [79 1 8]
1436 -> 28 = [79 1 10]
1437 -> 30 = [79 1 12]
1438 -> 32 = [79 1 14]
1439 -> 34 = [79 1 16]
